2007 370.000000 100.000000 78.723404 21.276596
2008 988.042446 243.297962 80.241210 19.758790
2009 2050.417034 581.934002 77.892994 22.107006
2010 3727.222612 1380.697581 72.969476 27.030524
2011 6122.212464 3267.479158 65.201422 34.798578
2012 9545.650693 7565.434864 55.786354 44.213646
2013 14182.864992 17173.632522 45.231024 54.768976
2014 20079.390128 38262.092343 34.417004 65.582996
2015 26977.169179 83740.488074 24.365733 75.634267
2016 35741.380694 173340.179033 17.094468 82.905532
2017 43942.794885 332675.126627 11.667739 88.332261
2018 57196.525426 588725.484714 8.855020 91.144980
2019 80592.842117 966796.139740 7.694643 92.305357
2020 124177.790335 1478551.860938 7.747894 92.252106
