     k       0      1      2      3      4     âêÕâ(k=4)
j= 0     0.0000  0.0000  0.0000  0.0000  0.0000  0.0000
j= 1     0.3090  0.0065  0.0002 -0.0006  0.0215  0.0060
j= 2     0.5878  0.0124  0.0002  0.0011 -0.0387  0.0113
j= 3     0.8090  0.0171  0.0004 -0.0013  0.0470  0.0156
j= 4     0.9511  0.0201  0.0004  0.0012 -0.0474  0.0184
j= 5     1.0000  0.0211  0.0005 -0.0012  0.0477  0.0193
j= 6     0.9511  0.0201  0.0004  0.0013 -0.0731  0.0184
j= 7     0.8090  0.0171  0.0004 -0.0036  0.1787  0.0156
j= 8     0.5878  0.0124  0.0000  0.0097 -0.3313  0.0113
j= 9     0.3090  0.0065  0.0006 -0.0111  0.3080  0.0060
j=10     0.0000  0.0000  0.0000  0.0000  0.0000  0.0000
